13
29 187 205
1 385 92 509

91 95 233
8 453 92 527

220 80 124
15 467 25 498

0 53 11
89 359 201 476

27 141 116
92 464 201 553

203 156 87
196 321 386 505

7 74 116
200 477 385 599

168 151 6
369 291 529 546

186 47 210
376 507 522 632

149 255 163
491 547 704 681

36 140 5
511 256 721 648

222 235 193
639 84 800 828

185 158 100
671 84 818 830


12
1 2 4 5 6 7 8 9 10 11 12 13 

13
1 2
2  4  
2 3
1  3  5  
3 1
2  
4 3
1  5  6  
5 3
2  4  7  
6 3
4  7  8  
7 3
5  6  9  
8 3
6  9  11  
9 3
7  8  10  
10 3
9  11  12  
11 3
8  10  12  
12 3
10  11  13  
13 1
12  

4
1 4 5 2
4 6 7 5
6 8 9 7
8 11 10 9
