11
29 187 205
0 0 499 499

91 95 233
10 26 313 156

220 80 124
28 183 415 326

0 53 11
53 344 197 488

27 141 116
206 327 410 477

203 156 87
219 273 397 326

7 74 116
254 35 478 225

168 151 6
255 18 431 113

186 47 210
271 183 415 237

36 140 5
318 13 395 24

222 235 193
400 10 486 34


1
1 

11
1 8
2  3  4  5  7  8  10  11  
2 2
1  8  
3 5
1  5  6  7  9  
4 1
1  
5 3
1  3  6  
6 2
3  5  
7 4
1  3  8  9  
8 5
1  2  7  10  11  
9 2
3  7  
10 2
1  8  
11 2
1  8  

6
3 6 5 1
2 8 7 1
1 7 9 3
1 10 8 2
1 11 8 10
11 1 7 8
