12
29 187 205
0 0 599 382

91 95 233
1 199 182 381

220 80 124
30 38 189 197

0 53 11
131 139 242 251

27 141 116
184 192 306 314

203 156 87
191 88 294 191

7 74 116
247 256 360 368

168 151 6
277 1 443 167

186 47 210
307 168 447 309

149 255 163
394 117 498 222

36 140 5
445 63 553 171

222 235 193
449 172 598 322


1
1 

12
1 10
2  3  4  5  6  7  8  9  11  12  
2 2
1  4  
3 2
1  4  
4 5
1  2  3  5  6  
5 3
1  4  7  
6 2
1  4  
7 3
1  5  9  
8 2
1  10  
9 3
1  7  10  
10 4
8  9  11  12  
11 2
1  10  
12 2
1  10  

9
1 3 4 2
2 4 5 1
1 6 4 3
6 1 5 4
5 1 9 7
8 10 9 1
1 11 10 8
10 12 1 9
11 1 12 10
