25
29 187 205
1 23 108 363

91 95 233
7 39 65 350

220 80 124
17 179 62 321

0 53 11
27 198 45 293

27 141 116
34 57 88 332

203 156 87
35 182 59 215

7 74 116
35 202 51 283

168 151 6
37 175 70 322

186 47 210
46 28 101 208

149 255 163
71 7 173 301

36 140 5
71 289 154 379

222 235 193
84 47 115 288

185 158 100
90 24 149 67

222 159 126
120 303 386 390

230 65 111
127 1 620 316

175 208 152
134 15 159 65

181 54 50
143 19 506 48

142 85 7
168 105 171 114

48 131 166
279 307 466 390

220 171 79
388 47 609 314

96 159 39
441 89 638 390

2 210 17
477 20 603 47

245 101 72
510 7 579 22

166 99 126
556 9 648 380

3 253 179
606 41 669 343


9
1 10 11 14 15 19 21 24 25 

25
1 6
2  5  9  10  11  12  
2 4
1  3  5  8  
3 6
2  4  5  6  7  8  
4 2
3  7  
5 4
1  2  3  8  
6 1
3  
7 2
3  4  
8 3
2  3  5  
9 1
1  
10 5
1  11  12  13  15  
11 3
1  10  14  
12 2
1  10  
13 2
10  15  
14 3
11  15  19  
15 12
10  13  14  16  17  18  19  20  21  22  23  24  
16 2
15  17  
17 4
15  16  20  22  
18 1
15  
19 4
14  15  20  21  
20 4
15  17  19  22  
21 3
15  19  24  
22 4
15  17  20  23  
23 2
15  22  
24 3
15  21  25  
25 1
24  

5
10 15 14 11
15 20 19 14
20 15 21 19
17 22 20 15
15 23 22 17

