12
29 187 205
0 0 499 499

91 95 233
10 420 156 466

220 80 124
37 9 403 132

0 53 11
114 263 346 419

27 141 116
121 14 343 132

203 156 87
122 133 342 230

7 74 116
123 348 350 476

168 151 6
160 468 291 493

186 47 210
195 204 329 290

149 255 163
197 257 314 316

36 140 5
198 182 310 236

222 235 193
294 343 470 489


1
1 

12
1 9
2  3  4  6  7  8  9  10  12  
2 2
1  7  
3 2
1  5  
4 3
1  7  10  
5 2
3  6  
6 3
1  5  11  
7 5
1  2  4  8  12  
8 2
1  7  
9 3
1  10  11  
10 3
1  4  9  
11 2
6  9  
12 2
1  7  

7
3 5 6 1
1 4 7 2
7 8 1 2
1 9 10 4
6 11 9 1
7 12 1 8
4 1 12 7
