18
29 187 205
16 116 73 181

91 95 233
16 182 73 305

220 80 124
74 116 91 181

0 53 11
74 182 91 305

27 141 116
92 48 329 96

203 156 87
92 97 329 362

7 74 116
150 144 272 265

168 151 6
330 48 811 96

186 47 210
330 97 811 362

149 255 163
366 97 635 339

36 140 5
394 103 495 305

222 235 193
420 70 581 96

185 158 100
506 104 607 306

222 159 126
709 144 735 265

230 65 111
812 70 825 146

175 208 152
812 147 825 339

181 54 50
826 70 856 146

142 85 7
826 147 856 339


12
1 2 3 4 5 6 8 9 15 16 17 18 

18
1 2
2  3  
2 2
1  4  
3 3
1  4  6  
4 3
2  3  6  
5 2
6  8  
6 5
3  4  5  7  9  
7 1
6  
8 5
5  9  10  12  15  
9 6
6  8  10  14  15  16  
10 5
8  9  11  12  13  
11 1
10  
12 2
8  10  
13 1
10  
14 1
9  
15 4
8  9  16  17  
16 3
9  15  18  
17 2
15  18  
18 2
16  17  

4
1 3 4 2
5 8 9 6
8 12 10 9
15 17 18 16
